44 
54 32 
79 58 23 
9 98 30 47 
13 70 62 55 37 
71 6 99 87 39 60 
82 33 21 91 20 94 31 
72 12 72 16 19 56 95 29 
79 56 27 62 55 40 32 17 47 
21 41 5 72 28 44 85 62 78 6 
53 98 52 37 22 65 61 91 36 17 38 
65 49 95 93 11 50 85 95 20 33 68 61 
38 41 41 35 26 3 13 84 8 63 37 97 38 
54 58 29 90 28 67 7 77 62 52 40 65 38 87 
37 23 55 98 13 48 91 48 26 94 13 11 54 77 0 
52 15 54 62 96 96 90 63 3 19 78 56 11 95 46 98 
32 69 6 82 82 54 73 83 33 67 96 44 21 73 44 25 40 
50 88 88 46 78 52 49 98 82 57 9 77 3 60 9 72 18 91 
7 24 64 90 57 83 86 53 56 12 97 82 4 99 22 93 45 0 97 
95 50 79 52 12 56 8 24 17 32 42 60 39 66 24 81 76 59 20 29 
67 84 27 1 40 78 23 33 24 76 82 71 78 61 23 90 69 83 66 38 16 
8 98 55 27 74 89 3 33 9 32 1 45 11 54 85 90 78 71 66 54 53 37 
32 67 12 75 88 96 41 27 12 2 25 19 81 0 8 36 85 69 20 38 14 32 93 
0 74 23 23 40 77 28 29 61 95 41 36 36 37 30 63 49 84 40 69 17 92 77 53 
78 99 73 68 13 57 61 65 83 84 40 75 13 69 4 27 16 46 63 52 83 45 67 33 81 
8 2 98 0 31 3 30 30 29 99 96 86 12 13 70 49 54 45 14 23 2 41 39 48 57 92 
31 54 59 16 36 19 70 86 72 2 42 2 84 71 53 80 57 18 94 79 19 0 77 33 23 79 27 
62 27 84 6 10 90 18 27 78 37 97 65 9 51 59 64 36 30 69 68 39 87 14 19 58 14 96 44 
37 27 71 52 6 7 10 16 97 28 95 76 66 45 93 75 96 52 91 84 34 61 5 73 48 19 92 7 86 
40 3 75 67 74 79 73 33 90 42 30 18 37 58 84 82 3 12 31 7 3 15 41 64 72 15 65 92 59 24 
30 0 27 5 19 53 85 45 86 75 87 68 93 76 27 30 11 82 42 42 90 97 9 31 62 82 98 79 26 58 3 
8 10 30 13 81 83 50 26 21 25 65 89 71 94 16 53 5 99 95 99 41 92 60 72 6 94 23 85 72 81 40 80 
43 22 94 24 5 96 3 26 22 20 68 45 14 84 98 19 35 45 70 76 89 31 1 96 77 24 33 50 57 74 30 52 48 
76 28 54 73 31 32 47 52 52 92 66 37 42 38 24 87 60 53 76 91 54 24 69 30 10 71 39 36 1 43 84 78 71 90 
51 3 75 50 7 27 42 25 16 36 15 41 23 76 46 51 67 52 28 88 82 38 11 73 26 13 68 10 43 39 53 46 94 28 96 
