90 
31 63 
74 40 18 
30 34 65 97 
31 92 62 26 67 
8 15 39 76 45 87 
41 3 3 61 20 41 2 
46 61 38 36 93 2 10 85 
72 40 72 90 90 3 82 52 29 
1 12 97 40 40 42 27 81 97 82 
42 18 23 44 16 85 35 52 30 37 14 
67 61 6 39 51 96 95 85 1 76 86 13 
73 78 54 15 5 87 65 39 30 35 63 26 51 
0 61 3 82 50 17 49 64 75 41 15 72 36 1 
73 12 39 38 86 18 92 53 75 32 18 15 62 5 78 
40 56 30 2 11 12 4 80 13 68 56 54 36 28 90 89 
53 55 28 91 41 98 36 46 74 68 17 89 82 22 19 22 79 
1 24 90 13 81 71 78 49 27 33 37 7 75 26 60 30 7 3 
23 5 39 70 79 7 87 20 41 9 91 64 40 92 40 31 57 21 54 
36 23 33 21 60 40 96 87 52 79 94 55 2 99 47 24 31 54 63 3 
48 25 95 12 65 87 52 48 45 74 54 33 97 87 54 9 79 50 96 31 81 
42 39 36 94 86 60 77 92 76 80 40 1 75 52 18 15 5 19 12 31 73 45 
80 61 99 89 92 1 38 24 83 80 63 19 74 1 31 51 93 7 84 34 60 59 38 
79 26 95 50 38 26 23 83 58 36 82 48 29 36 86 5 19 18 20 90 45 21 21 96 
14 29 80 0 41 92 39 20 18 34 22 9 13 46 92 71 34 27 71 63 15 57 68 34 28 
88 24 73 9 45 21 76 26 2 76 68 46 15 40 16 2 63 25 15 61 70 86 95 49 58 11 
64 67 79 50 95 20 74 68 81 71 42 57 50 96 86 70 42 53 62 10 55 77 88 70 38 10 9 
86 59 67 97 75 86 28 25 82 0 51 2 82 74 44 91 76 40 29 98 34 83 61 97 38 38 85 9 
29 95 18 67 6 37 16 81 23 44 58 57 97 61 12 31 87 8 22 64 1 52 62 87 35 75 84 25 66 
69 34 47 64 4 14 70 41 30 3 17 26 13 74 75 26 86 6 14 47 81 30 48 85 44 35 20 20 20 97 
