71 
49 2 
39 98 89 
24 5 96 80 
11 6 15 46 72 
3 67 34 7 45 83 
93 97 77 96 50 26 11 
97 37 66 20 38 20 60 36 
10 36 42 6 16 53 64 83 52 
36 87 19 23 46 16 6 91 65 84 
87 16 62 50 65 51 17 86 89 89 98 
26 99 34 20 57 2 73 74 86 25 62 25 
96 85 23 64 44 14 30 80 53 98 42 3 63 
45 72 49 34 62 99 12 13 33 32 71 36 6 97 
74 83 59 99 80 97 74 96 41 88 26 21 93 24 63 
48 40 8 21 41 94 35 41 7 48 74 39 71 62 97 68 
88 81 28 39 13 25 13 9 18 53 88 39 46 64 54 47 4 
14 68 46 60 55 87 67 3 13 59 75 28 56 43 16 89 23 8 
2 0 21 64 18 75 4 9 73 68 15 20 73 29 40 19 90 95 58 
9 99 23 68 26 51 77 21 20 66 97 28 21 97 49 85 68 76 41 29 
50 9 45 22 82 74 63 53 16 10 63 26 61 87 46 87 90 23 61 62 90 
58 90 11 7 92 48 75 20 89 5 70 50 2 93 33 76 8 38 45 18 2 23 
80 41 69 19 31 93 80 94 35 38 36 98 46 80 98 73 1 39 30 71 89 32 16 
74 61 76 13 6 47 67 81 27 60 50 98 91 95 79 37 30 69 26 80 67 6 78 41 
7 17 23 31 59 56 47 33 69 76 98 75 23 17 8 2 77 58 0 21 6 31 10 36 1 
36 69 20 43 47 13 2 17 37 33 28 93 33 61 62 9 12 89 32 81 97 34 59 7 34 32 
13 18 42 2 19 31 23 91 74 70 5 76 39 42 62 67 87 95 81 1 4 93 42 36 26 91 22 
85 50 56 69 16 74 12 70 45 95 93 37 21 15 94 49 55 36 11 74 75 6 55 76 10 0 70 98 
27 61 20 64 11 29 34 27 55 98 97 53 93 90 90 14 6 36 63 13 24 75 87 99 81 43 27 44 95 
97 94 22 58 15 87 21 96 73 1 51 71 98 4 16 41 46 30 99 82 45 64 6 20 51 57 54 46 84 50 
42 33 44 16 91 11 55 65 7 80 66 59 51 16 15 19 57 62 49 8 96 95 72 55 67 24 12 21 22 49 23 
16 82 68 85 26 79 40 91 39 73 57 98 76 73 65 96 83 27 45 91 76 92 64 31 60 40 95 33 14 44 9 31 
27 77 68 53 8 8 96 99 33 5 49 10 78 15 6 13 94 51 5 70 96 21 53 8 13 49 41 27 45 50 10 72 79 
78 77 40 39 73 39 72 78 89 82 9 4 88 22 98 92 79 21 40 52 74 48 65 75 89 45 21 92 55 45 23 34 75 63 
25 48 55 97 79 44 32 40 0 72 14 50 64 94 23 56 46 50 4 64 25 46 9 98 90 16 44 13 50 19 29 75 19 36 25 
50 80 57 90 32 29 5 34 46 51 58 2 49 8 7 13 85 5 74 84 95 91 80 8 93 51 89 21 22 25 46 73 57 55 15 41 
84 20 76 82 23 34 85 73 94 44 38 79 1 13 15 96 56 47 56 49 98 46 70 73 23 68 46 81 23 61 74 8 34 50 42 57 36 
79 82 82 75 21 14 76 86 29 72 42 29 29 91 27 27 14 0 50 82 98 83 6 12 58 66 98 60 8 55 49 88 90 31 63 11 45 40 
49 27 64 91 56 93 34 83 72 48 36 75 31 86 58 89 50 68 55 48 81 15 56 30 3 46 61 19 9 7 11 58 34 75 49 90 69 83 25 
93 84 13 68 15 52 27 56 2 47 11 51 28 26 7 58 82 5 72 1 14 31 12 72 17 39 21 7 60 56 84 54 40 50 22 7 2 1 15 56 
