90 
9 61 
55 49 67 
42 29 61 83 
76 73 17 67 94 
2 31 55 29 11 30 
3 23 98 50 95 45 92 
63 74 32 5 83 45 12 32 
12 6 13 25 90 41 50 7 8 
97 62 92 52 43 55 35 98 30 85 
48 25 30 40 40 5 25 45 40 70 9 
25 83 16 90 60 6 32 11 65 92 8 79 
84 12 22 91 47 72 21 85 20 47 15 13 87 
72 38 85 13 60 46 38 95 62 28 56 20 60 19 
38 53 79 17 89 91 92 33 91 64 54 28 37 53 43 
50 93 16 40 78 29 0 76 19 96 91 99 52 11 60 23 
1 65 2 19 6 45 63 39 88 79 46 16 16 99 60 18 92 
28 10 22 9 11 99 28 59 90 27 63 53 39 86 55 56 88 26 
15 85 41 54 74 20 52 90 89 52 2 59 44 30 70 19 91 33 18 
71 92 60 51 55 65 42 93 20 99 33 98 14 18 91 20 92 64 25 35 
